   1    0 ram0 0 0 0 0 0 0 0 0 0 0 0
   1    1 ram1 0 0 0 0 0 0 0 0 0 0 0
   1    2 ram2 0 0 0 0 0 0 0 0 0 0 0
   1    3 ram3 0 0 0 0 0 0 0 0 0 0 0
   1    4 ram4 0 0 0 0 0 0 0 0 0 0 0
   1    5 ram5 0 0 0 0 0 0 0 0 0 0 0
   1    6 ram6 0 0 0 0 0 0 0 0 0 0 0
   1    7 ram7 0 0 0 0 0 0 0 0 0 0 0
   1    8 ram8 0 0 0 0 0 0 0 0 0 0 0
   1    9 ram9 0 0 0 0 0 0 0 0 0 0 0
   1   10 ram10 0 0 0 0 0 0 0 0 0 0 0
   1   11 ram11 0 0 0 0 0 0 0 0 0 0 0
   1   12 ram12 0 0 0 0 0 0 0 0 0 0 0
   1   13 ram13 0 0 0 0 0 0 0 0 0 0 0
   1   14 ram14 0 0 0 0 0 0 0 0 0 0 0
   1   15 ram15 0 0 0 0 0 0 0 0 0 0 0
   8    0 sda 26911990 14168368 5288509828 66552899 561658 21211264 174184152 72172548 0 47214620 138722440
   8    1 sda1 26911885 14168236 5288508880 66552751 561658 21211264 174184152 72172548 0 47214526 138722320
   8   16 sdb 77368561 32338383 15569509578 215432370 12734729 1298884352 10492952816 545203775 0 157051598 760631226
   8   17 sdb1 77368457 32338250 15569508630 215432237 12734729 1298884352 10492952816 545203775 0 157051517 760631736
   8   32 sdc 9803903 1689096 778520281 42011046 4218012 40471447 357603696 253249866 0 27572175 295455880
   8   33 sdc1 9803835 1689048 778519353 42010971 4218012 40471447 357603696 253249866 0 27572139 295455983
   8   48 sdd 670914 148629 16130447 2086671 745390 1226918 15778408 20878467 0 4944813 22964945
   8   49 sdd1 669904 138514 16063722 2079947 739271 1222175 15691568 20749914 0 4878600 22829695
   8   50 sdd2 44 838 2018 214 4 119 984 17 0 230 231
   8   51 sdd3 808 7274 47419 6004 6115 4624 85856 128536 0 88432 134540
   3   64 hdb 0 0 0 0 0 0 0 0 0 0 0
   9    0 md0 0 0 0 0 0 0 0 0 0 0 0
 253    0 dm-0 150786847 0 20858016538 416769828 1333392121 0 10667136968 2265862400 0 183664232 2689899267
