00000000000000000000000000000000 60 00000000000000000000000000000000 00 00000000000000000000000000000000 00000400 00000000 00000000 00200200       lo
00000000000000000000ffff00000000 60 00000000000000000000000000000000 00 00000000000000000000000000000000 00000400 00000000 00000000 00200200       lo
20010df0009200000000000000000000 40 00000000000000000000000000000000 00 00000000000000000000000000000000 00000100 00000000 0002120e 004c0001     eth0
20020a00000000000000000000000000 18 00000000000000000000000000000000 00 00000000000000000000000000000000 00000400 00000000 00000000 00200200       lo
20027f00000000000000000000000000 18 00000000000000000000000000000000 00 00000000000000000000000000000000 00000400 00000000 00000000 00200200       lo
2002a9fe000000000000000000000000 20 00000000000000000000000000000000 00 00000000000000000000000000000000 00000400 00000000 00000000 00200200       lo
2002ac10000000000000000000000000 1c 00000000000000000000000000000000 00 00000000000000000000000000000000 00000400 00000000 00000000 00200200       lo
2002c0a8000000000000000000000000 20 00000000000000000000000000000000 00 00000000000000000000000000000000 00000400 00000000 00000000 00200200       lo
2002e000000000000000000000000000 13 00000000000000000000000000000000 00 00000000000000000000000000000000 00000400 00000000 00000000 00200200       lo
3ffeffff000000000000000000000000 20 00000000000000000000000000000000 00 00000000000000000000000000000000 00000400 00000000 00000000 00200200       lo
fe800000000000000000000000000000 40 00000000000000000000000000000000 00 00000000000000000000000000000000 00000100 00000000 00000000 00000001     eth0
00000000000000000000000000000000 00 00000000000000000000000000000000 00 fe80000000000000da24bdfffe915d40 00000400 00000000 0000000a 00450003     eth0
00000000000000000000000000000000 00 00000000000000000000000000000000 00 00000000000000000000000000000000 ffffffff 00000001 00021261 00200200       lo
00000000000000000000000000000001 80 00000000000000000000000000000000 00 00000000000000000000000000000000 00000000 00000001 000002de 80200001       lo
20010df000920000021517fffe98d0b8 80 00000000000000000000000000000000 00 00000000000000000000000000000000 00000000 00000001 00000012 80200001       lo
fe80000000000000021517fffe98d0b8 80 00000000000000000000000000000000 00 00000000000000000000000000000000 00000000 00000001 00000094 80200001       lo
ff0200000000000000000000000000fb 80 00000000000000000000000000000000 00 ff0200000000000000000000000000fb 00000000 00000000 0000000d 01000001     eth0
ff000000000000000000000000000000 08 00000000000000000000000000000000 00 00000000000000000000000000000000 00000100 00000000 00000000 00000001     eth0
00000000000000000000000000000000 00 00000000000000000000000000000000 00 00000000000000000000000000000000 ffffffff 00000001 00021261 00200200       lo
