sk       Eth Pid    Groups   Rmem     Wmem     Dump     Locks
ffff81045f9bc400 0   0      00000000 0        0        0000000000000000 2
ffff81045e20fc00 0   3714   00000001 0        0        0000000000000000 2
ffff81044e858800 0   5252   00000111 0        0        0000000000000000 2
ffff8104502af000 6   4697   00000003 0        0        0000000000000000 2
ffff81045fb5a000 6   0      00000000 0        0        0000000000000000 2
ffff81045f274c00 7   0      00000000 0        0        0000000000000000 2
ffff81045dd1f800 8   3127   00000001 0        0        0000000000000000 2
ffff81045d61ec00 8   0      00000000 0        0        0000000000000000 2
ffff81045f203400 9   0      00000000 0        0        0000000000000000 2
ffff81045dd1f400 9   3691   00000000 0        0        0000000000000000 2
ffff81045fafb000 10  0      00000000 0        0        0000000000000000 2
ffff81045fa9a400 11  0      00000000 0        0        0000000000000000 2
ffff81045e74c800 15  923    ffffffff 0        0        0000000000000000 2
ffff81045f9bc000 15  0      00000000 0        0        0000000000000000 2
ffff81045fa9a000 16  0      00000000 0        0        0000000000000000 2
ffff81045e6ae400 18  0      00000000 0        0        0000000000000000 2
